(5,1) --> (6,2) --> (7,2) --> (8,3) --> (9,4) --> (9,5) --> (9,6) --> (8,7) --> (8,8) --> (7,9) --> (6,10)
Coste del camino: 62

11x10
██████████
█  █     █
█  █     █
████  █  █
3██████ ██
█·     ██4
█·██████·█
█ ·███··██
███···████
█  █ █   █
██████████


Nodos visitados: (5,1), (6,2), (6,3), (6,4), (6,5), (7,2), (6,6), (6,7), (8,3), (8,2), (5,8), (9,4), (4,9), (9,5), (4,8), (9,6), (8,7), (10,5), (8,8), (7,9), (6,10)
Número de nodos visitados: 21

Nodos generados: (5,1), (6,2), (6,3), (6,4), (6,5), (7,2), (6,6), (6,7), (8,3), (8,2), (5,8), (9,4), (4,9), (9,5), (4,8), (9,6), (8,7), (10,5), (8,8), (7,9), (6,10), (10,3), (3,9), (3,8), (3,7), (10, 7), (7,2), (8,2), (4,8), (10,5), (3,8), (3,9), (10,5)
Número de nodos generados: 33

